"Story","Title","Result","Date","Stability","Duration (s)"
"Abrir una pagina web","abrir navegador chrome en la pagina base","SUCCESS","2024-07-18T11:13:04.2390921-05:00[America/Bogota]","0.0","25.14"
